 5 5
 5 5
 3 13
 5 5
 5 5
 3 13
 3 13
 3 13
 3 13
 3 13
 5 5
 5 5
 6 12
 6 12
 6 12
 3 13
 6 15
 6 15
 3 13
 3 13
 5 5
 6 15
 6 15
 5 5
 6 15
 7 19
 7 19
 7 19
 6 15
 6 15
 6 15
 6 15
 6 15
 6 15
 6 15
 6 15
 6 15
 6 15
 28 24
 29 19
 6 12
 29 19
 28 24
 28 24
 8 12
 9 12
 9 12
 11 22
 8 12
 10 7
 15 12
 11 41
 11 41
 11 22
 15 12
 16 12
 11 22
 17 12
 17 12
 16 12
 11 22
 18 22
 16 12
 11 12
 12 7
 12 7
 12 7
 13 12
 13 12
 18 22
 14 12
 18 22
 14 12
 18 12
 19 12
 21 1
 21 1
 22 14
 22 14
 23 24
 26 44
 25 44
 25 44
 23 24
 25 44
 23 24
 26 50
 23 14
 23 14
 26 44
 26 44
 26 50
 26 50
 25 44
 25 53
 26 48
 26 48
 26 34
 30 28
 26 34
 26 34
 26 34
 26 34
 26 24
 28 24
 28 24
 28 38
 28 38
 28 24
 29 19
 28 24
 29 19
 30 33
 28 14
 29 19
 29 14
 30 33
 30 28
 30 28
 30 33
 30 33
 33 37
 33 37
 30 28
 33 24
 30 19
 30 14
 32 14
 32 14
 33 33
 32 14
 33 33
 32 14
 32 14
 33 24
 31 14
 31 14
 33 24
 32 14
 33 14
 33 14
 33 14
 34 25
 34 25
 34 31
 34 31
 34 31
 34 31
 34 31
 34 51
 34 41
 34 41
 34 25
 34 25
 34 25
 35 46
 36 19
 35 34
 35 29
 34 67
 34 67
 34 63
 36 19
 38 14
 35 29
 36 19
 38 14
 35 19
 38 14
 37 13
 35 14
 36 19
 37 13
 36 14
 38 14
 39 24
 39 24
 37 13
 39 24
 39 24
 39 24
 39 24
 40 34
 40 34
 40 34
 40 34
 40 24
 40 14
 42 12
 43 12
 42 12
 43 32
 42 12
 43 32
 42 12
 43 32
 42 12
 43 32
 43 22
 43 12
 7 19
 7 19
 7 19
 7 19
 7 19
 7 19
 7 19
 7 19
 7 19
 7 19
 7 19
 7 19
 7 19
 7 19
 7 19
 7 19
 7 19
 7 19
 7 19
 7 19
 45 1
 45 1
 45 1
 45 1
 45 1
 45 1
 45 1
 45 1
 45 1
 45 1
